position:
    x: 6805772.899597241
    y: 253526.63223303983
    z: 0.0
